0 0.16346153846153846 0.040865384615384616 0.11899038461538461 0.055288461538461536
0 0.3016826923076923 0.040865384615384616 0.109375 0.05048076923076923
0 0.4495192307692308 0.040865384615384616 0.10336538461538461 0.055288461538461536
0 0.5793269230769231 0.039663461538461536 0.1045673076923077 0.042067307692307696
0 0.7211538461538461 0.037259615384615384 0.1310096153846154 0.04927884615384615
0 0.8569711538461539 0.03485576923076923 0.12379807692307693 0.057692307692307696
0 0.16346153846153846 0.10216346153846154 0.1466346153846154 0.037259615384615384
0 0.31009615384615385 0.10697115384615384 0.09134615384615384 0.042067307692307696
0 0.43990384615384615 0.10576923076923077 0.12620192307692307 0.05048076923076923
0 0.5877403846153846 0.10697115384615384 0.0889423076923077 0.03485576923076923
0 0.7283653846153846 0.109375 0.1045673076923077 0.03365384615384615
0 0.8677884615384616 0.10576923076923077 0.12139423076923077 0.04567307692307692
0 0.15865384615384615 0.17307692307692307 0.11899038461538461 0.051682692307692304
0 0.3004807692307692 0.171875 0.11177884615384616 0.04807692307692308
0 0.4362980769230769 0.17307692307692307 0.11899038461538461 0.04567307692307692
0 0.5805288461538461 0.17307692307692307 0.09375 0.046875
0 0.7211538461538461 0.171875 0.11658653846153846 0.04447115384615385
0 0.8641826923076923 0.17067307692307693 0.09615384615384616 0.054086538461538464
0 0.15745192307692307 0.2403846153846154 0.0985576923076923 0.05048076923076923
0 0.29447115384615385 0.24158653846153846 0.1045673076923077 0.051682692307692304
0 0.44350961538461536 0.23798076923076922 0.12379807692307693 0.055288461538461536
0 0.5817307692307693 0.23918269230769232 0.109375 0.04807692307692308
0 0.7211538461538461 0.23677884615384615 0.109375 0.057692307692307696
0 0.8737980769230769 0.23918269230769232 0.109375 0.051682692307692304
0 0.16466346153846154 0.30528846153846156 0.11177884615384616 0.04447115384615385
0 0.30288461538461536 0.30288461538461536 0.10697115384615384 0.054086538461538464
0 0.44350961538461536 0.30288461538461536 0.15144230769230768 0.04447115384615385
0 0.5829326923076923 0.3016826923076923 0.0889423076923077 0.040865384615384616
0 0.71875 0.2956730769230769 0.14543269230769232 0.04927884615384615
0 0.8641826923076923 0.30408653846153844 0.12379807692307693 0.04447115384615385
0 0.16466346153846154 0.3701923076923077 0.11658653846153846 0.055288461538461536
0 0.3016826923076923 0.3737980769230769 0.1045673076923077 0.04567307692307692
0 0.4423076923076923 0.36899038461538464 0.11658653846153846 0.057692307692307696
0 0.578125 0.36899038461538464 0.11177884615384616 0.05048076923076923
0 0.7211538461538461 0.36658653846153844 0.13341346153846154 0.05048076923076923
0 0.8653846153846154 0.36778846153846156 0.09375 0.056490384615384616
0 0.17307692307692307 0.4423076923076923 0.12860576923076922 0.052884615384615384
0 0.29927884615384615 0.43509615384615385 0.12379807692307693 0.051682692307692304
0 0.44350961538461536 0.43509615384615385 0.11899038461538461 0.038461538461538464
0 0.5865384615384616 0.4362980769230769 0.12860576923076922 0.037259615384615384
0 0.71875 0.4338942307692308 0.0985576923076923 0.052884615384615384
0 0.8677884615384616 0.4326923076923077 0.10697115384615384 0.05048076923076923
0 0.1658653846153846 0.5036057692307693 0.109375 0.042067307692307696
0 0.3016826923076923 0.49759615384615385 0.1141826923076923 0.046875
0 0.44711538461538464 0.5 0.10697115384615384 0.051682692307692304
0 0.5805288461538461 0.5024038461538461 0.10697115384615384 0.04567307692307692
0 0.7211538461538461 0.5036057692307693 0.109375 0.05889423076923077
0 0.8629807692307693 0.5048076923076923 0.12620192307692307 0.055288461538461536
0 0.16346153846153846 0.5721153846153846 0.109375 0.040865384615384616
0 0.30408653846153844 0.5673076923076923 0.0889423076923077 0.042067307692307696
0 0.44471153846153844 0.5685096153846154 0.10697115384615384 0.051682692307692304
0 0.5829326923076923 0.5673076923076923 0.10336538461538461 0.04927884615384615
0 0.71875 0.5649038461538461 0.10336538461538461 0.04927884615384615
0 0.8713942307692307 0.5697115384615384 0.12379807692307693 0.05048076923076923
0 0.16466346153846154 0.6370192307692307 0.0985576923076923 0.055288461538461536
0 0.30528846153846156 0.6346153846153846 0.11177884615384616 0.054086538461538464
0 0.43990384615384615 0.6358173076923077 0.11177884615384616 0.046875
0 0.5757211538461539 0.6358173076923077 0.11658653846153846 0.054086538461538464
0 0.7247596153846154 0.6346153846153846 0.11177884615384616 0.052884615384615384
0 0.8641826923076923 0.6358173076923077 0.12379807692307693 0.056490384615384616
0 0.22355769230769232 0.7283653846153846 0.2776442307692308 0.04927884615384615
0 0.4387019230769231 0.7271634615384616 0.10096153846153846 0.04927884615384615
0 0.5757211538461539 0.7295673076923077 0.12620192307692307 0.056490384615384616
0 0.7115384615384616 0.7271634615384616 0.0985576923076923 0.056490384615384616
0 0.8461538461538461 0.7271634615384616 0.11177884615384616 0.051682692307692304
0 0.1466346153846154 0.7980769230769231 0.1045673076923077 0.04807692307692308
0 0.2860576923076923 0.796875 0.11658653846153846 0.0625
0 0.43028846153846156 0.796875 0.09615384615384616 0.04567307692307692
0 0.5697115384615384 0.7956730769230769 0.109375 0.04567307692307692
0 0.7127403846153846 0.796875 0.09134615384615384 0.051682692307692304
0 0.8533653846153846 0.796875 0.10697115384615384 0.04807692307692308
0 0.1466346153846154 0.8665865384615384 0.10096153846153846 0.04927884615384615
0 0.2920673076923077 0.859375 0.109375 0.046875
0 0.42908653846153844 0.859375 0.0985576923076923 0.04927884615384615
0 0.5745192307692307 0.859375 0.10096153846153846 0.057692307692307696
0 0.7127403846153846 0.8629807692307693 0.1141826923076923 0.05048076923076923
0 0.8617788461538461 0.859375 0.11899038461538461 0.04927884615384615
0 0.14903846153846154 0.9302884615384616 0.12379807692307693 0.04927884615384615
0 0.28966346153846156 0.9266826923076923 0.10096153846153846 0.051682692307692304