0 0.0889423076923077 0.03125 0.171875 0.054086538461538464
0 0.27884615384615385 0.027644230769230768 0.17427884615384615 0.04927884615384615
0 0.47115384615384615 0.028846153846153848 0.15384615384615385 0.04567307692307692
0 0.6742788461538461 0.03125 0.1778846153846154 0.051682692307692304
0 0.8365384615384616 0.021634615384615384 0.14543269230769232 0.04326923076923077
0 0.09735576923076923 0.0985576923076923 0.18870192307692307 0.05048076923076923
0 0.0889423076923077 0.1658653846153846 0.15745192307692307 0.04807692307692308
0 0.27163461538461536 0.16346153846153846 0.16105769230769232 0.06129807692307692
0 0.4639423076923077 0.1658653846153846 0.20192307692307693 0.06850961538461539
0 0.6574519230769231 0.16466346153846154 0.171875 0.056490384615384616
0 0.8257211538461539 0.16466346153846154 0.171875 0.056490384615384616
0 0.09014423076923077 0.24158653846153846 0.16105769230769232 0.06129807692307692
0 0.26802884615384615 0.23918269230769232 0.18870192307692307 0.056490384615384616
0 0.46153846153846156 0.23918269230769232 0.15745192307692307 0.05889423076923077
0 0.09254807692307693 0.31971153846153844 0.1502403846153846 0.056490384615384616
0 0.27524038461538464 0.32211538461538464 0.16105769230769232 0.06850961538461539
0 0.453125 0.31971153846153844 0.19471153846153846 0.06370192307692307
0 0.6778846153846154 0.32572115384615385 0.21875 0.06971153846153846
0 0.8677884615384616 0.328125 0.16826923076923078 0.06850961538461539
0 0.08653846153846154 0.4098557692307692 0.16826923076923078 0.06490384615384616
0 0.19591346153846154 0.49399038461538464 0.140625 0.057692307692307696
0 0.38100961538461536 0.48677884615384615 0.18870192307692307 0.054086538461538464
0 0.5745192307692307 0.4831730769230769 0.171875 0.06370192307692307
0 0.7740384615384616 0.4807692307692308 0.171875 0.06370192307692307
0 0.09495192307692307 0.5673076923076923 0.18990384615384615 0.07211538461538461
0 0.27524038461538464 0.5649038461538461 0.14783653846153846 0.06610576923076923
0 0.4723557692307692 0.5649038461538461 0.19230769230769232 0.06370192307692307
0 0.6610576923076923 0.5637019230769231 0.19831730769230768 0.06971153846153846
0 0.8389423076923077 0.5661057692307693 0.19230769230769232 0.06129807692307692
0 0.08413461538461539 0.6478365384615384 0.16826923076923078 0.06490384615384616
0 0.27403846153846156 0.6454326923076923 0.15745192307692307 0.06490384615384616
0 0.46153846153846156 0.6418269230769231 0.1778846153846154 0.06370192307692307
0 0.6670673076923077 0.6442307692307693 0.1778846153846154 0.06610576923076923
0 0.8557692307692307 0.6394230769230769 0.171875 0.06370192307692307
0 0.08052884615384616 0.7259615384615384 0.16105769230769232 0.0625
0 0.27403846153846156 0.7211538461538461 0.1502403846153846 0.051682692307692304
0 0.47716346153846156 0.7247596153846154 0.20192307692307693 0.056490384615384616
0 0.6742788461538461 0.7259615384615384 0.14423076923076922 0.046875
0 0.8617788461538461 0.7247596153846154 0.16826923076923078 0.046875
0 0.0889423076923077 0.7980769230769231 0.14423076923076922 0.055288461538461536
0 0.28725961538461536 0.7920673076923077 0.2127403846153846 0.05889423076923077
0 0.4795673076923077 0.7944711538461539 0.13701923076923078 0.054086538461538464
0 0.6670673076923077 0.7944711538461539 0.15745192307692307 0.054086538461538464
0 0.8545673076923077 0.7944711538461539 0.18870192307692307 0.057692307692307696
0 0.08774038461538461 0.8677884615384616 0.17548076923076922 0.0673076923076923
0 0.2920673076923077 0.8701923076923077 0.18870192307692307 0.06610576923076923
0 0.09254807692307693 0.953125 0.1778846153846154 0.06490384615384616
0 0.2920673076923077 0.953125 0.16826923076923078 0.05889423076923077